# gem.txt
# Custom geometry!
200.000000 0.000000 193.716632 49.737977
193.716632 49.737977 175.261336 96.350735
175.261336 96.350735 145.793725 136.909421
145.793725 136.909421 107.165359 168.865585
107.165359 168.865585 61.803399 190.211303
61.803399 190.211303 12.558104 199.605346
12.558104 199.605346 -37.476263 196.457450
-37.476263 196.457450 -85.155858 180.965410
-85.155858 180.965410 -127.484798 154.102649
-127.484798 154.102649 -161.803399 117.557050
-161.803399 117.557050 -185.955297 73.624911
-185.955297 73.624911 -198.422940 25.066647
-198.422940 25.066647 -198.422940 -25.066647
-198.422940 -25.066647 -185.955297 -73.624911
-185.955297 -73.624911 -161.803399 -117.557050
-161.803399 -117.557050 -127.484798 -154.102649
-127.484798 -154.102649 -85.155858 -180.965410
-85.155858 -180.965410 -37.476263 -196.457450
-37.476263 -196.457450 12.558104 -199.605346
12.558104 -199.605346 61.803399 -190.211303
61.803399 -190.211303 107.165359 -168.865585
107.165359 -168.865585 145.793725 -136.909421
145.793725 -136.909421 175.261336 -96.350735
175.261336 -96.350735 193.716632 -49.737977
193.716632 -49.737977 200.000000 0.000000
120.000000 50.000000 118.743326 59.947595
118.743326 59.947595 115.052267 69.270147
115.052267 69.270147 109.158745 77.381884
109.158745 77.381884 101.433072 83.773117
101.433072 83.773117 92.360680 88.042261
92.360680 88.042261 82.511621 89.921069
82.511621 89.921069 72.504747 89.291490
72.504747 89.291490 62.968828 86.193082
62.968828 86.193082 54.503040 80.820530
54.503040 80.820530 47.639320 73.511410
47.639320 73.511410 42.808941 64.724982
42.808941 64.724982 40.315412 55.013329
40.315412 55.013329 40.315412 44.986671
40.315412 44.986671 42.808941 35.275018
42.808941 35.275018 47.639320 26.488590
47.639320 26.488590 54.503040 19.179470
54.503040 19.179470 62.968828 13.806918
62.968828 13.806918 72.504747 10.708510
72.504747 10.708510 82.511621 10.078931
82.511621 10.078931 92.360680 11.957739
92.360680 11.957739 101.433072 16.226883
101.433072 16.226883 109.158745 22.618116
109.158745 22.618116 115.052267 30.729853
115.052267 30.729853 118.743326 40.052405
118.743326 40.052405 120.000000 50.000000
-40.000000 50.000000 -41.256674 59.947595
-41.256674 59.947595 -44.947733 69.270147
-44.947733 69.270147 -50.841255 77.381884
-50.841255 77.381884 -58.566928 83.773117
-58.566928 83.773117 -67.639320 88.042261
-67.639320 88.042261 -77.488379 89.921069
-77.488379 89.921069 -87.495253 89.291490
-87.495253 89.291490 -97.031172 86.193082
-97.031172 86.193082 -105.496960 80.820530
-105.496960 80.820530 -112.360680 73.511410
-112.360680 73.511410 -117.191059 64.724982
-117.191059 64.724982 -119.684588 55.013329
-119.684588 55.013329 -119.684588 44.986671
-119.684588 44.986671 -117.191059 35.275018
-117.191059 35.275018 -112.360680 26.488590
-112.360680 26.488590 -105.496960 19.179470
-105.496960 19.179470 -97.031172 13.806918
-97.031172 13.806918 -87.495253 10.708510
-87.495253 10.708510 -77.488379 10.078931
-77.488379 10.078931 -67.639320 11.957739
-67.639320 11.957739 -58.566928 16.226883
-58.566928 16.226883 -50.841255 22.618116
-50.841255 22.618116 -44.947733 30.729853
-44.947733 30.729853 -41.256674 40.052405
-41.256674 40.052405 -40.000000 50.000000
20.000000 -20.000000 19.371663 -15.026202
19.371663 -15.026202 17.526134 -10.364927
17.526134 -10.364927 14.579373 -6.309058
14.579373 -6.309058 10.716536 -3.113441
10.716536 -3.113441 6.180340 -0.978870
6.180340 -0.978870 1.255810 -0.039465
1.255810 -0.039465 -3.747626 -0.354255
-3.747626 -0.354255 -8.515586 -1.903459
-8.515586 -1.903459 -12.748480 -4.589735
-12.748480 -4.589735 -16.180340 -8.244295
-16.180340 -8.244295 -18.595530 -12.637509
-18.595530 -12.637509 -19.842294 -17.493335
-19.842294 -17.493335 -19.842294 -22.506665
-19.842294 -22.506665 -18.595530 -27.362491
-18.595530 -27.362491 -16.180340 -31.755705
-16.180340 -31.755705 -12.748480 -35.410265
-12.748480 -35.410265 -8.515586 -38.096541
-8.515586 -38.096541 -3.747626 -39.645745
-3.747626 -39.645745 1.255810 -39.960535
1.255810 -39.960535 6.180340 -39.021130
6.180340 -39.021130 10.716536 -36.886559
10.716536 -36.886559 14.579373 -33.690942
14.579373 -33.690942 17.526134 -29.635073
17.526134 -29.635073 19.371663 -24.973798
19.371663 -24.973798 20.000000 -20.000000
-40.000000 -80.000000 40.000000 -80.000000
